

























                                                                                                
                                                                                                
                                                                                                
                                                                                
                                                                                
                                                                                
                                                                                
                                                                                
                                                                                
                                                                                
                                                                                
                                                                                
                                                                                144101                                                             606353


























                                                                                                
                                                                                                
                                                                                                
                                                                                                
                                                                                                
                                                                                                
                                                                                                
                                                                                                
                                                                                                
                                                                                                
                                                                                                
                                                                                                
                                                                                                
                                                                                                
                                                                                                
                                                                                                
                                                                                                
                                                                                                
                                                                                                
                                                                                                
                                                                                                
                                                                                                
                                                                                                
                                                                                                
                                                                                                
                                                                                                
                                                                                                
                                                                                                
                                                                                                
                                                                                                
                                                                                                
                                                                                
                                                                                406520                                                             633195


























                                                                                                
                                                                                                
                                                                                                
                                                                                                
                                                                                                
                                                                                                
                                                                                                
                                                                                                
                                                                                                
                                                                                                
                                                                                                
                                                                                                
                                                                                                
                                                                                                
                                                                                                
                                                                                                
                                                                                                
                                                                                                
                                                                                                
                                                                                                
                                                                                                
                                                                                                
                                                                                                
                                                                                                
                                                                                                
                                                                                                
                                                                                                
                                                                                                
                                                                                                
                                                                                                
                                                                                                
                                                                                
                                                                                123922                                                             902861


























                                                                                                
                                                                                                
                                                                                                
                                                                                                
                                                                                                
                                                                                                
                                                                                                
                                                                                                
                                                                                                
                                                                                                
                                                                                                
                                                                                                
                                                                                                
                                                                                                
                                                                                                
                                                                                                
                                                                                                
                                                                                                
                                                                                                
                                                                                                
                                                                                                
                                                                                                
                                                                                                
                                                                                                
                                                                                                
                                                                                                
                                                                                                
                                                                                                
                                                                                                
                                                                                                
                                                                                                
                                                                                
                                                                                345861                                                             957752


























                                                                                                
                                                                                                
                                                                                                
                                                                                                
                                                                                                
                                                                                                
                                                                                                
                                                                                                
                                                                                                
                                                                                                
                                                                                                
                                                                                                
                                                                                                
                                                                                                
                                                                                                
                                                                                                
                                                                                                
                                                                                                
                                                                                                
                                                                                                
                                                                                                
                                                                                                
                                                                                                
                                                                                                
                                                                                                
                                                                                                
                                                                                                
                                                                                                
                                                                                                
                                                                                                
                                                                                                
                                                                                
                                                                                554177                                                             307486


























                                                                                                
                                                                                                
                                                                                                
                                                                                                
                                                                                                
                                                                                                
                                                                                                
                                                                                                
                                                                                                
                                                                                                
                                                                                                
                                                                                                
                                                                                                
                                                                                                
                                                                                                
                                                                                                
                                                                                                
                                                                                                
                                                                                                
                                                                                                
                                                                                                
                                                                                                
                                                                                                
                                                                                                
                                                                                                
                                                                                                
                                                                                                
                                                                                                
                                                                                                
                                                                                                
                                                                                                
                                                                                
                                                                                423685                                                             592086


























                                                                                                
                                                                                                
                                                                                                
                                                                                                
                                                                                                
                                                                                                
                                                                                                
                                                                                                
                                                                                                
                                                                                                
                                                                                                
                                                                                                
                                                                                                
                                                                                                
                                                                                                
                                                                                                
                                                                                                
                                                                                                
                                                                                                
                                                                                                
                                                                                                
                                                                                                
                                                                                                
                                                                                                
                                                                                                
                                                                                                
                                                                                                
                                                                                                
                                                                                                
                                                                                                
                                                                                                
                                                                                
                                                                                138220                                                             851907


























                                                                                                
                                                                                                
                                                                                                
                                                                                                
                                                                                                
                                                                                                
                                                                                                
                                                                                                
                                                                                                
                                                                                                
                                                                                                
                                                                                                
                                                                                                
                                                                                                
                                                                                                
                                                                                                
                                                                                                
                                                                                                
                                                                                                
                                                                                                
                                                                                                
                                                                                                
                                                                                                
                                                                                                
                                                                                                
                                                                                                
                                                                                                
                                                                                                
                                                                                                
                                                                                                
                                                                                                
                                                                                
                                                                                717170                                                             473031


























                                                                                                
                                                                                                
                                                                                                
                                                                                                
                                                                                                
                                                                                                
                                                                                                
                                                                                                
                                                                                                
                                                                                                
                                                                                                
                                                                                                
                                                                                                
                                                                                                
                                                                                                
                                                                                                
                                                                                                
                                                                                                
                                                                                                
                                                                                                
                                                                                                
                                                                                                
                                                                                                
                                                                                                
                                                                                                
                                                                                                
                                                                                                
                                                                                                
                                                                                                
                                                                                                
                                                                                                
                                                                                
                                                                                171334                                                             871124


























                                                                                                
                                                                                                
                                                                                                
                                                                                                
                                                                                                
                                                                                                
                                                                                                
                                                                                                
                                                                                                
                                                                                                
                                                                                                
                                                                                                
                                                                                                
                                                                                                
                                                                                                
                                                                                                
                                                                                                
                                                                                                
                                                                                                
                                                                                                
                                                                                                
                                                                                                
                                                                                                
                                                                                                
                                                                                                
                                                                                                
                                                                                                
                                                                                                
                                                                                                
                                                                                                
                                                                                                
                                                                                
                                                                                424574                                                             496590


























                                                                                                
                                                                                                
                                                                                                
                                                                                                
                                                                                                
                                                                                                
                                                                                                
                                                                                                
                                                                                                
                                                                                                
                                                                                                
                                                                                                
                                                                                                
                                                                                                
                                                                                                
                                                                                                
                                                                                                
                                                                                                
                                                                                                
                                                                                                
                                                                                                
                                                                                                
                                                                                                
                                                                                                
                                                                                                
                                                                                                
                                                                                                
                                                                                                
                                                                                                
                                                                                                
                                                                                                
                                                                                
                                                                                261534                                                             643515


























                                                                                                
                                                                                                
                                                                                                
                                                                                                
                                                                                                
                                                                                                
                                                                                                
                                                                                                
                                                                                                
                                                                                                
                                                                                                
                                                                                                
                                                                                                
                                                                                                
                                                                                                
                                                                                                
                                                                                                
                                                                                                
                                                                                                
                                                                                                
                                                                                                
                                                                                                
                                                                                                
                                                                                                
                                                                                                
                                                                                                
                                                                                                
                                                                                                
                                                                                                
                                                                                                
                                                                                                
                                                                                
                                                                                759880                                                             629304


























                                                                                                
                                                                                                
                                                                                                
                                                                                                
                                                                                                
                                                                                                
                                                                                                
                                                                                                
                                                                                                
                                                                                                
                                                                                                
                                                                                                
                                                                                                
                                                                                                
                                                                                                
                                                                                                
                                                                                                
                                                                                                
                                                                                                
                                                                                                
                                                                                                
                                                                                                
                                                                                                
                                                                                                
                                                                                                
                                                                                                
                                                                                                
                                                                                                
                                                                                                
                                                                                                
                                                                                                
                                                                                
                                                                                239389                                                             772663


























                                                                                                
                                                                                                
                                                                                                
                                                                                                
                                                                                                
                                                                                                
                                                                                                
                                                                                                
                                                                                                
                                                                                                
                                                                                                
                                                                                                
                                                                                                
                                                                                                
                                                                                                
                                                                                                
                                                                                                
                                                                                                
                                                                                                
                                                                                                
                                                                                                
                                                                                                
                                                                                                
                                                                                                
                                                                                                
                                                                                                
                                                                                                
                                                                                                
                                                                                                
                                                                                                
                                                                                                
                                                                                
                                                                                526432                                                             396682


























                                                                                                
                                                                                                
                                                                                                
                                                                                                
                                                                                                
                                                                                                
                                                                                                
                                                                                                
                                                                                                
                                                                                                
                                                                                                
                                                                                                
                                                                                                
                                                                                                
                                                                                                
                                                                                                
                                                                                                
                                                                                                
                                                                                                
                                                                                                
                                                                                                
                                                                                                
                                                                                                
                                                                                                
                                                                                                
                                                                                                
                                                                                                
                                                                                                
                                                                                                
                                                                                                
                                                                                                
                                                                                
                                                                                273148                                                             556980


























                                                                                                
                                                                                                
                                                                                                
                                                                                                
                                                                                                
                                                                                                
                                                                                                
                                                                                                
                                                                                                
                                                                                                
                                                                                                
                                                                                                
                                                                                                
                                                                                                
                                                                                                
                                                                                                
                                                                                                
                                                                                                
                                                                                                
                                                                                                
                                                                                                
                                                                                                
                                                                                                
                                                                                                
                                                                                                
                                                                                                
                                                                                                
                                                                                                
                                                                                                
                                                                                                
                                                                                                
                                                                                
                                                                                466863                                                             899417


























                                                                                                
                                                                                                
                                                                                                
                                                                                                
                                                                                                
                                                                                                
                                                                                                
                                                                                                
                                                                                                
                                                                                                
                                                                                                
                                                                                                
                                                                                                
                                                                                                
                                                                                                
                                                                                                
                                                                                                
                                                                                                
                                                                                                
                                                                                                
                                                                                                
                                                                                                
                                                                                                
                                                                                                
                                                                                                
                                                                                                
                                                                                                
                                                                                                
                                                                                                
                                                                                                
                                                                                                
                                                                                
                                                                                989212                                                             592408


























                                                                                                
                                                                                                
                                                                                                
                                                                                                
                                                                                                
                                                                                                
                                                                                                
                                                                                                
                                                                                                
                                                                                                
                                                                                                
                                                                                                
                                                                                                
                                                                                                
                                                                                                
                                                                                                
                                                                                                
                                                                                                
                                                                                                
                                                                                                
                                                                                                
                                                                                                
                                                                                                
                                                                                                
                                                                                                
                                                                                                
                                                                                                
                                                                                                
                                                                                                
                                                                                                
                                                                                                
                                                                                
                                                                                893623                                                             748353


























                                                                                                
                                                                                                
                                                                                                
                                                                                                
                                                                                                
                                                                                                
                                                                                                
                                                                                                
                                                                                                
                                                                                                
                                                                                                
                                                                                                
                                                                                                
                                                                                                
                                                                                                
                                                                                                
                                                                                                
                                                                                                
                                                                                                
                                                                                                
                                                                                                
                                                                                                
                                                                                                
                                                                                                
                                                                                                
                                                                                                
                                                                                                
                                                                                                
                                                                                                
                                                                                                
                                                                                                
                                                                                
                                                                                812877                                                             954976


























                                                                                                
                                                                                                
                                                                                                
                                                                                                
                                                                                                
                                                                                                
                                                                                                
                                                                                                
                                                                                                
                                                                                                
                                                                                                
                                                                                                
                                                                                                
                                                                                                
                                                                                                
                                                                                                
                                                                                                
                                                                                                
                                                                                                
                                                                                                
                                                                                                
                                                                                                
                                                                                                
                                                                                                
                                                                                                
                                                                                                
                                                                                                
                                                                                                
                                                                                                
                                                                                                
                                                                                                
                                                                                
                                                                                729598                                                             308877


























                                                                                                
                                                                                                
                                                                                                
                                                                                                
                                                                                                
                                                                                                
                                                                                                
                                                                                                
                                                                                                
                                                                                                
                                                                                                
                                                                                                
                                                                                                
                                                                                                
                                                                                                
                                                                                                
                                                                                                
                                                                                                
                                                                                                
                                                                                                
                                                                                                
                                                                                                
                                                                                                
                                                                                                
                                                                                                
                                                                                                
                                                                                                
                                                                                                
                                                                                                
                                                                                                
                                                                                                
                                                                                
                                                                                699247                                                             416135


























                                                                                                
                                                                                                
                                                                                                
                                                                                                
                                                                                                
                                                                                                
                                                                                                
                                                                                                
                                                                                                
                                                                                                
                                                                                                
                                                                                                
                                                                                                
                                                                                                
                                                                                                
                                                                                                
                                                                                                
                                                                                                
                                                                                                
                                                                                                
                                                                                                
                                                                                                
                                                                                                
                                                                                                
                                                                                                
                                                                                                
                                                                                                
                                                                                                
                                                                                                
                                                                                                
                                                                                                
                                                                                
                                                                                236490                                                             778185


























                                                                                                
                                                                                                
                                                                                                
                                                                                                
                                                                                                
                                                                                                
                                                                                                
                                                                                                
                                                                                                
                                                                                                
                                                                                                
                                                                                                
                                                                                                
                                                                                                
                                                                                                
                                                                                                
                                                                                                
                                                                                                
                                                                                                
                                                                                                
                                                                                                
                                                                                                
                                                                                                
                                                                                                
                                                                                                
                                                                                                
                                                                                                
                                                                                                
                                                                                                
                                                                                                
                                                                                                
                                                                                
                                                                                573861                                                             125012


























                                                                                                
                                                                                                
                                                                                                
                                                                                                
                                                                                                
                                                                                                
                                                                                                
                                                                                                
                                                                                                
                                                                                                
                                                                                                
                                                                                                
                                                                                                
                                                                                                
                                                                                                
                                                                                                
                                                                                                
                                                                                                
                                                                                                
                                                                                                
                                                                                                
                                                                                                
                                                                                                
                                                                                                
                                                                                                
                                                                                                
                                                                                                
                                                                                                
                                                                                                
                                                                                                
                                                                                                
                                                                                
                                                                                912490                                                             727276
