

























                                                                                                
                                                                                                
                                                                                                
                                                                                
                                                                                
                                                                                
                                                                                
                                                                                
                                                                                
                                                                                
                                                                                
                                                                                
                                                                                348776                                                             911424


























                                                                                                
                                                                                                
                                                                                                
                                                                                                
                                                                                                
                                                                                                
                                                                                                
                                                                                                
                                                                                                
                                                                                                
                                                                                                
                                                                                                
                                                                                                
                                                                                                
                                                                                                
                                                                                                
                                                                                                
                                                                                                
                                                                                                
                                                                                                
                                                                                                
                                                                                                
                                                                                                
                                                                                                
                                                                                                
                                                                                                
                                                                                                
                                                                                                
                                                                                                
                                                                                                
                                                                                                
                                                                                
                                                                                546924                                                             433957


























                                                                                                
                                                                                                
                                                                                                
                                                                                                
                                                                                                
                                                                                                
                                                                                                
                                                                                                
                                                                                                
                                                                                                
                                                                                                
                                                                                                
                                                                                                
                                                                                                
                                                                                                
                                                                                                
                                                                                                
                                                                                                
                                                                                                
                                                                                                
                                                                                                
                                                                                                
                                                                                                
                                                                                                
                                                                                                
                                                                                                
                                                                                                
                                                                                                
                                                                                                
                                                                                                
                                                                                                
                                                                                
                                                                                378869                                                             478008


























                                                                                                
                                                                                                
                                                                                                
                                                                                                
                                                                                                
                                                                                                
                                                                                                
                                                                                                
                                                                                                
                                                                                                
                                                                                                
                                                                                                
                                                                                                
                                                                                                
                                                                                                
                                                                                                
                                                                                                
                                                                                                
                                                                                                
                                                                                                
                                                                                                
                                                                                                
                                                                                                
                                                                                                
                                                                                                
                                                                                                
                                                                                                
                                                                                                
                                                                                                
                                                                                                
                                                                                                
                                                                                
                                                                                362123                                                             684152


























                                                                                                
                                                                                                
                                                                                                
                                                                                                
                                                                                                
                                                                                                
                                                                                                
                                                                                                
                                                                                                
                                                                                                
                                                                                                
                                                                                                
                                                                                                
                                                                                                
                                                                                                
                                                                                                
                                                                                                
                                                                                                
                                                                                                
                                                                                                
                                                                                                
                                                                                                
                                                                                                
                                                                                                
                                                                                                
                                                                                                
                                                                                                
                                                                                                
                                                                                                
                                                                                                
                                                                                                
                                                                                
                                                                                178118                                                             612343


























                                                                                                
                                                                                                
                                                                                                
                                                                                                
                                                                                                
                                                                                                
                                                                                                
                                                                                                
                                                                                                
                                                                                                
                                                                                                
                                                                                                
                                                                                                
                                                                                                
                                                                                                
                                                                                                
                                                                                                
                                                                                                
                                                                                                
                                                                                                
                                                                                                
                                                                                                
                                                                                                
                                                                                                
                                                                                                
                                                                                                
                                                                                                
                                                                                                
                                                                                                
                                                                                                
                                                                                                
                                                                                
                                                                                463027                                                             820623


























                                                                                                
                                                                                                
                                                                                                
                                                                                                
                                                                                                
                                                                                                
                                                                                                
                                                                                                
                                                                                                
                                                                                                
                                                                                                
                                                                                                
                                                                                                
                                                                                                
                                                                                                
                                                                                                
                                                                                                
                                                                                                
                                                                                                
                                                                                                
                                                                                                
                                                                                                
                                                                                                
                                                                                                
                                                                                                
                                                                                                
                                                                                                
                                                                                                
                                                                                                
                                                                                                
                                                                                                
                                                                                
                                                                                267691                                                             488681


























                                                                                                
                                                                                                
                                                                                                
                                                                                                
                                                                                                
                                                                                                
                                                                                                
                                                                                                
                                                                                                
                                                                                                
                                                                                                
                                                                                                
                                                                                                
                                                                                                
                                                                                                
                                                                                                
                                                                                                
                                                                                                
                                                                                                
                                                                                                
                                                                                                
                                                                                                
                                                                                                
                                                                                                
                                                                                                
                                                                                                
                                                                                                
                                                                                                
                                                                                                
                                                                                                
                                                                                                
                                                                                
                                                                                250469                                                             959593


























                                                                                                
                                                                                                
                                                                                                
                                                                                                
                                                                                                
                                                                                                
                                                                                                
                                                                                                
                                                                                                
                                                                                                
                                                                                                
                                                                                                
                                                                                                
                                                                                                
                                                                                                
                                                                                                
                                                                                                
                                                                                                
                                                                                                
                                                                                                
                                                                                                
                                                                                                
                                                                                                
                                                                                                
                                                                                                
                                                                                                
                                                                                                
                                                                                                
                                                                                                
                                                                                                
                                                                                                
                                                                                
                                                                                418436                                                             619187


























                                                                                                
                                                                                                
                                                                                                
                                                                                                
                                                                                                
                                                                                                
                                                                                                
                                                                                                
                                                                                                
                                                                                                
                                                                                                
                                                                                                
                                                                                                
                                                                                                
                                                                                                
                                                                                                
                                                                                                
                                                                                                
                                                                                                
                                                                                                
                                                                                                
                                                                                                
                                                                                                
                                                                                                
                                                                                                
                                                                                                
                                                                                                
                                                                                                
                                                                                                
                                                                                                
                                                                                                
                                                                                
                                                                                245350                                                             254480


























                                                                                                
                                                                                                
                                                                                                
                                                                                                
                                                                                                
                                                                                                
                                                                                                
                                                                                                
                                                                                                
                                                                                                
                                                                                                
                                                                                                
                                                                                                
                                                                                                
                                                                                                
                                                                                                
                                                                                                
                                                                                                
                                                                                                
                                                                                                
                                                                                                
                                                                                                
                                                                                                
                                                                                                
                                                                                                
                                                                                                
                                                                                                
                                                                                                
                                                                                                
                                                                                                
                                                                                                
                                                                                
                                                                                776637                                                             703296


























                                                                                                
                                                                                                
                                                                                                
                                                                                                
                                                                                                
                                                                                                
                                                                                                
                                                                                                
                                                                                                
                                                                                                
                                                                                                
                                                                                                
                                                                                                
                                                                                                
                                                                                                
                                                                                                
                                                                                                
                                                                                                
                                                                                                
                                                                                                
                                                                                                
                                                                                                
                                                                                                
                                                                                                
                                                                                                
                                                                                                
                                                                                                
                                                                                                
                                                                                                
                                                                                                
                                                                                                
                                                                                
                                                                                917175                                                             188204


























                                                                                                
                                                                                                
                                                                                                
                                                                                                
                                                                                                
                                                                                                
                                                                                                
                                                                                                
                                                                                                
                                                                                                
                                                                                                
                                                                                                
                                                                                                
                                                                                                
                                                                                                
                                                                                                
                                                                                                
                                                                                                
                                                                                                
                                                                                                
                                                                                                
                                                                                                
                                                                                                
                                                                                                
                                                                                                
                                                                                                
                                                                                                
                                                                                                
                                                                                                
                                                                                                
                                                                                                
                                                                                
                                                                                793811                                                             833251


























                                                                                                
                                                                                                
                                                                                                
                                                                                                
                                                                                                
                                                                                                
                                                                                                
                                                                                                
                                                                                                
                                                                                                
                                                                                                
                                                                                                
                                                                                                
                                                                                                
                                                                                                
                                                                                                
                                                                                                
                                                                                                
                                                                                                
                                                                                                
                                                                                                
                                                                                                
                                                                                                
                                                                                                
                                                                                                
                                                                                                
                                                                                                
                                                                                                
                                                                                                
                                                                                                
                                                                                                
                                                                                
                                                                                454043                                                             377405


























                                                                                                
                                                                                                
                                                                                                
                                                                                                
                                                                                                
                                                                                                
                                                                                                
                                                                                                
                                                                                                
                                                                                                
                                                                                                
                                                                                                
                                                                                                
                                                                                                
                                                                                                
                                                                                                
                                                                                                
                                                                                                
                                                                                                
                                                                                                
                                                                                                
                                                                                                
                                                                                                
                                                                                                
                                                                                                
                                                                                                
                                                                                                
                                                                                                
                                                                                                
                                                                                                
                                                                                                
                                                                                
                                                                                865628                                                             705980


























                                                                                                
                                                                                                
                                                                                                
                                                                                                
                                                                                                
                                                                                                
                                                                                                
                                                                                                
                                                                                                
                                                                                                
                                                                                                
                                                                                                
                                                                                                
                                                                                                
                                                                                                
                                                                                                
                                                                                                
                                                                                                
                                                                                                
                                                                                                
                                                                                                
                                                                                                
                                                                                                
                                                                                                
                                                                                                
                                                                                                
                                                                                                
                                                                                                
                                                                                                
                                                                                                
                                                                                                
                                                                                
                                                                                398668                                                             000000
