

























                                                                                                
                                                                                                
                                                                                                
                                                                                
                                                                                
                                                                                
                                                                                
                                                                                
                                                                                
                                                                                
                                                                                
                                                                                
                                                                                301250                                                             772170


























                                                                                                
                                                                                                
                                                                                                
                                                                                                
                                                                                                
                                                                                                
                                                                                                
                                                                                                
                                                                                                
                                                                                                
                                                                                                
                                                                                                
                                                                                                
                                                                                                
                                                                                                
                                                                                                
                                                                                                
                                                                                                
                                                                                                
                                                                                                
                                                                                                
                                                                                                
                                                                                                
                                                                                                
                                                                                                
                                                                                                
                                                                                                
                                                                                                
                                                                                                
                                                                                                
                                                                                                
                                                                                
                                                                                681152                                                             386068


























                                                                                                
                                                                                                
                                                                                                
                                                                                                
                                                                                                
                                                                                                
                                                                                                
                                                                                                
                                                                                                
                                                                                                
                                                                                                
                                                                                                
                                                                                                
                                                                                                
                                                                                                
                                                                                                
                                                                                                
                                                                                                
                                                                                                
                                                                                                
                                                                                                
                                                                                                
                                                                                                
                                                                                                
                                                                                                
                                                                                                
                                                                                                
                                                                                                
                                                                                                
                                                                                                
                                                                                                
                                                                                
                                                                                347837                                                             987746


























                                                                                                
                                                                                                
                                                                                                
                                                                                                
                                                                                                
                                                                                                
                                                                                                
                                                                                                
                                                                                                
                                                                                                
                                                                                                
                                                                                                
                                                                                                
                                                                                                
                                                                                                
                                                                                                
                                                                                                
                                                                                                
                                                                                                
                                                                                                
                                                                                                
                                                                                                
                                                                                                
                                                                                                
                                                                                                
                                                                                                
                                                                                                
                                                                                                
                                                                                                
                                                                                                
                                                                                                
                                                                                
                                                                                760950                                                             504718


























                                                                                                
                                                                                                
                                                                                                
                                                                                                
                                                                                                
                                                                                                
                                                                                                
                                                                                                
                                                                                                
                                                                                                
                                                                                                
                                                                                                
                                                                                                
                                                                                                
                                                                                                
                                                                                                
                                                                                                
                                                                                                
                                                                                                
                                                                                                
                                                                                                
                                                                                                
                                                                                                
                                                                                                
                                                                                                
                                                                                                
                                                                                                
                                                                                                
                                                                                                
                                                                                                
                                                                                                
                                                                                
                                                                                368314                                                             000000
