

























                                                                                                
                                                                                                
                                                                                                
                                                                                
                                                                                
                                                                                
                                                                                
                                                                                
                                                                                
                                                                                
                                                                                
                                                                                
                                                                                867729                                                             689058


























                                                                                                
                                                                                                
                                                                                                
                                                                                                
                                                                                                
                                                                                                
                                                                                                
                                                                                                
                                                                                                
                                                                                                
                                                                                                
                                                                                                
                                                                                                
                                                                                                
                                                                                                
                                                                                                
                                                                                                
                                                                                                
                                                                                                
                                                                                                
                                                                                                
                                                                                                
                                                                                                
                                                                                                
                                                                                                
                                                                                                
                                                                                                
                                                                                                
                                                                                                
                                                                                                
                                                                                                
                                                                                
                                                                                686437                                                             102924


























                                                                                                
                                                                                                
                                                                                                
                                                                                                
                                                                                                
                                                                                                
                                                                                                
                                                                                                
                                                                                                
                                                                                                
                                                                                                
                                                                                                
                                                                                                
                                                                                                
                                                                                                
                                                                                                
                                                                                                
                                                                                                
                                                                                                
                                                                                                
                                                                                                
                                                                                                
                                                                                                
                                                                                                
                                                                                                
                                                                                                
                                                                                                
                                                                                                
                                                                                                
                                                                                                
                                                                                                
                                                                                
                                                                                375139                                                             470171


























                                                                                                
                                                                                                
                                                                                                
                                                                                                
                                                                                                
                                                                                                
                                                                                                
                                                                                                
                                                                                                
                                                                                                
                                                                                                
                                                                                                
                                                                                                
                                                                                                
                                                                                                
                                                                                                
                                                                                                
                                                                                                
                                                                                                
                                                                                                
                                                                                                
                                                                                                
                                                                                                
                                                                                                
                                                                                                
                                                                                                
                                                                                                
                                                                                                
                                                                                                
                                                                                                
                                                                                                
                                                                                
                                                                                632069                                                             756644


























                                                                                                
                                                                                                
                                                                                                
                                                                                                
                                                                                                
                                                                                                
                                                                                                
                                                                                                
                                                                                                
                                                                                                
                                                                                                
                                                                                                
                                                                                                
                                                                                                
                                                                                                
                                                                                                
                                                                                                
                                                                                                
                                                                                                
                                                                                                
                                                                                                
                                                                                                
                                                                                                
                                                                                                
                                                                                                
                                                                                                
                                                                                                
                                                                                                
                                                                                                
                                                                                                
                                                                                                
                                                                                
                                                                                980332                                                             405756


























                                                                                                
                                                                                                
                                                                                                
                                                                                                
                                                                                                
                                                                                                
                                                                                                
                                                                                                
                                                                                                
                                                                                                
                                                                                                
                                                                                                
                                                                                                
                                                                                                
                                                                                                
                                                                                                
                                                                                                
                                                                                                
                                                                                                
                                                                                                
                                                                                                
                                                                                                
                                                                                                
                                                                                                
                                                                                                
                                                                                                
                                                                                                
                                                                                                
                                                                                                
                                                                                                
                                                                                                
                                                                                
                                                                                383271                                                             197318


























                                                                                                
                                                                                                
                                                                                                
                                                                                                
                                                                                                
                                                                                                
                                                                                                
                                                                                                
                                                                                                
                                                                                                
                                                                                                
                                                                                                
                                                                                                
                                                                                                
                                                                                                
                                                                                                
                                                                                                
                                                                                                
                                                                                                
                                                                                                
                                                                                                
                                                                                                
                                                                                                
                                                                                                
                                                                                                
                                                                                                
                                                                                                
                                                                                                
                                                                                                
                                                                                                
                                                                                                
                                                                                
                                                                                388467                                                             800534


























                                                                                                
                                                                                                
                                                                                                
                                                                                                
                                                                                                
                                                                                                
                                                                                                
                                                                                                
                                                                                                
                                                                                                
                                                                                                
                                                                                                
                                                                                                
                                                                                                
                                                                                                
                                                                                                
                                                                                                
                                                                                                
                                                                                                
                                                                                                
                                                                                                
                                                                                                
                                                                                                
                                                                                                
                                                                                                
                                                                                                
                                                                                                
                                                                                                
                                                                                                
                                                                                                
                                                                                                
                                                                                
                                                                                351499                                                             266021


























                                                                                                
                                                                                                
                                                                                                
                                                                                                
                                                                                                
                                                                                                
                                                                                                
                                                                                                
                                                                                                
                                                                                                
                                                                                                
                                                                                                
                                                                                                
                                                                                                
                                                                                                
                                                                                                
                                                                                                
                                                                                                
                                                                                                
                                                                                                
                                                                                                
                                                                                                
                                                                                                
                                                                                                
                                                                                                
                                                                                                
                                                                                                
                                                                                                
                                                                                                
                                                                                                
                                                                                                
                                                                                
                                                                                607274                                                             990454


























                                                                                                
                                                                                                
                                                                                                
                                                                                                
                                                                                                
                                                                                                
                                                                                                
                                                                                                
                                                                                                
                                                                                                
                                                                                                
                                                                                                
                                                                                                
                                                                                                
                                                                                                
                                                                                                
                                                                                                
                                                                                                
                                                                                                
                                                                                                
                                                                                                
                                                                                                
                                                                                                
                                                                                                
                                                                                                
                                                                                                
                                                                                                
                                                                                                
                                                                                                
                                                                                                
                                                                                                
                                                                                
                                                                                939657                                                             264613


























                                                                                                
                                                                                                
                                                                                                
                                                                                                
                                                                                                
                                                                                                
                                                                                                
                                                                                                
                                                                                                
                                                                                                
                                                                                                
                                                                                                
                                                                                                
                                                                                                
                                                                                                
                                                                                                
                                                                                                
                                                                                                
                                                                                                
                                                                                                
                                                                                                
                                                                                                
                                                                                                
                                                                                                
                                                                                                
                                                                                                
                                                                                                
                                                                                                
                                                                                                
                                                                                                
                                                                                                
                                                                                
                                                                                441584                                                             198763


























                                                                                                
                                                                                                
                                                                                                
                                                                                                
                                                                                                
                                                                                                
                                                                                                
                                                                                                
                                                                                                
                                                                                                
                                                                                                
                                                                                                
                                                                                                
                                                                                                
                                                                                                
                                                                                                
                                                                                                
                                                                                                
                                                                                                
                                                                                                
                                                                                                
                                                                                                
                                                                                                
                                                                                                
                                                                                                
                                                                                                
                                                                                                
                                                                                                
                                                                                                
                                                                                                
                                                                                                
                                                                                
                                                                                752400                                                             203541


























                                                                                                
                                                                                                
                                                                                                
                                                                                                
                                                                                                
                                                                                                
                                                                                                
                                                                                                
                                                                                                
                                                                                                
                                                                                                
                                                                                                
                                                                                                
                                                                                                
                                                                                                
                                                                                                
                                                                                                
                                                                                                
                                                                                                
                                                                                                
                                                                                                
                                                                                                
                                                                                                
                                                                                                
                                                                                                
                                                                                                
                                                                                                
                                                                                                
                                                                                                
                                                                                                
                                                                                                
                                                                                
                                                                                972734                                                             999692


























                                                                                                
                                                                                                
                                                                                                
                                                                                                
                                                                                                
                                                                                                
                                                                                                
                                                                                                
                                                                                                
                                                                                                
                                                                                                
                                                                                                
                                                                                                
                                                                                                
                                                                                                
                                                                                                
                                                                                                
                                                                                                
                                                                                                
                                                                                                
                                                                                                
                                                                                                
                                                                                                
                                                                                                
                                                                                                
                                                                                                
                                                                                                
                                                                                                
                                                                                                
                                                                                                
                                                                                                
                                                                                
                                                                                866716                                                             000000
