

























                                                                                                
                                                                                                
                                                                                                
                                                                                
                                                                                
                                                                                
                                                                                
                                                                                
                                                                                
                                                                                
                                                                                
                                                                                
                                                                                261915                                                             777578


























                                                                                                
                                                                                                
                                                                                                
                                                                                                
                                                                                                
                                                                                                
                                                                                                
                                                                                                
                                                                                                
                                                                                                
                                                                                                
                                                                                                
                                                                                                
                                                                                                
                                                                                                
                                                                                                
                                                                                                
                                                                                                
                                                                                                
                                                                                                
                                                                                                
                                                                                                
                                                                                                
                                                                                                
                                                                                                
                                                                                                
                                                                                                
                                                                                                
                                                                                                
                                                                                                
                                                                                                
                                                                                
                                                                                860764                                                             433698


























                                                                                                
                                                                                                
                                                                                                
                                                                                                
                                                                                                
                                                                                                
                                                                                                
                                                                                                
                                                                                                
                                                                                                
                                                                                                
                                                                                                
                                                                                                
                                                                                                
                                                                                                
                                                                                                
                                                                                                
                                                                                                
                                                                                                
                                                                                                
                                                                                                
                                                                                                
                                                                                                
                                                                                                
                                                                                                
                                                                                                
                                                                                                
                                                                                                
                                                                                                
                                                                                                
                                                                                                
                                                                                
                                                                                916247                                                             302610


























                                                                                                
                                                                                                
                                                                                                
                                                                                                
                                                                                                
                                                                                                
                                                                                                
                                                                                                
                                                                                                
                                                                                                
                                                                                                
                                                                                                
                                                                                                
                                                                                                
                                                                                                
                                                                                                
                                                                                                
                                                                                                
                                                                                                
                                                                                                
                                                                                                
                                                                                                
                                                                                                
                                                                                                
                                                                                                
                                                                                                
                                                                                                
                                                                                                
                                                                                                
                                                                                                
                                                                                                
                                                                                
                                                                                262601                                                             526251


























                                                                                                
                                                                                                
                                                                                                
                                                                                                
                                                                                                
                                                                                                
                                                                                                
                                                                                                
                                                                                                
                                                                                                
                                                                                                
                                                                                                
                                                                                                
                                                                                                
                                                                                                
                                                                                                
                                                                                                
                                                                                                
                                                                                                
                                                                                                
                                                                                                
                                                                                                
                                                                                                
                                                                                                
                                                                                                
                                                                                                
                                                                                                
                                                                                                
                                                                                                
                                                                                                
                                                                                                
                                                                                
                                                                                857667                                                             883338


























                                                                                                
                                                                                                
                                                                                                
                                                                                                
                                                                                                
                                                                                                
                                                                                                
                                                                                                
                                                                                                
                                                                                                
                                                                                                
                                                                                                
                                                                                                
                                                                                                
                                                                                                
                                                                                                
                                                                                                
                                                                                                
                                                                                                
                                                                                                
                                                                                                
                                                                                                
                                                                                                
                                                                                                
                                                                                                
                                                                                                
                                                                                                
                                                                                                
                                                                                                
                                                                                                
                                                                                                
                                                                                
                                                                                823676                                                             536409


























                                                                                                
                                                                                                
                                                                                                
                                                                                                
                                                                                                
                                                                                                
                                                                                                
                                                                                                
                                                                                                
                                                                                                
                                                                                                
                                                                                                
                                                                                                
                                                                                                
                                                                                                
                                                                                                
                                                                                                
                                                                                                
                                                                                                
                                                                                                
                                                                                                
                                                                                                
                                                                                                
                                                                                                
                                                                                                
                                                                                                
                                                                                                
                                                                                                
                                                                                                
                                                                                                
                                                                                                
                                                                                
                                                                                330775                                                             252190


























                                                                                                
                                                                                                
                                                                                                
                                                                                                
                                                                                                
                                                                                                
                                                                                                
                                                                                                
                                                                                                
                                                                                                
                                                                                                
                                                                                                
                                                                                                
                                                                                                
                                                                                                
                                                                                                
                                                                                                
                                                                                                
                                                                                                
                                                                                                
                                                                                                
                                                                                                
                                                                                                
                                                                                                
                                                                                                
                                                                                                
                                                                                                
                                                                                                
                                                                                                
                                                                                                
                                                                                                
                                                                                
                                                                                199475                                                             321070


























                                                                                                
                                                                                                
                                                                                                
                                                                                                
                                                                                                
                                                                                                
                                                                                                
                                                                                                
                                                                                                
                                                                                                
                                                                                                
                                                                                                
                                                                                                
                                                                                                
                                                                                                
                                                                                                
                                                                                                
                                                                                                
                                                                                                
                                                                                                
                                                                                                
                                                                                                
                                                                                                
                                                                                                
                                                                                                
                                                                                                
                                                                                                
                                                                                                
                                                                                                
                                                                                                
                                                                                                
                                                                                
                                                                                906847                                                             190787


























                                                                                                
                                                                                                
                                                                                                
                                                                                                
                                                                                                
                                                                                                
                                                                                                
                                                                                                
                                                                                                
                                                                                                
                                                                                                
                                                                                                
                                                                                                
                                                                                                
                                                                                                
                                                                                                
                                                                                                
                                                                                                
                                                                                                
                                                                                                
                                                                                                
                                                                                                
                                                                                                
                                                                                                
                                                                                                
                                                                                                
                                                                                                
                                                                                                
                                                                                                
                                                                                                
                                                                                                
                                                                                
                                                                                416404                                                             170587


























                                                                                                
                                                                                                
                                                                                                
                                                                                                
                                                                                                
                                                                                                
                                                                                                
                                                                                                
                                                                                                
                                                                                                
                                                                                                
                                                                                                
                                                                                                
                                                                                                
                                                                                                
                                                                                                
                                                                                                
                                                                                                
                                                                                                
                                                                                                
                                                                                                
                                                                                                
                                                                                                
                                                                                                
                                                                                                
                                                                                                
                                                                                                
                                                                                                
                                                                                                
                                                                                                
                                                                                                
                                                                                
                                                                                284871                                                             529928


























                                                                                                
                                                                                                
                                                                                                
                                                                                                
                                                                                                
                                                                                                
                                                                                                
                                                                                                
                                                                                                
                                                                                                
                                                                                                
                                                                                                
                                                                                                
                                                                                                
                                                                                                
                                                                                                
                                                                                                
                                                                                                
                                                                                                
                                                                                                
                                                                                                
                                                                                                
                                                                                                
                                                                                                
                                                                                                
                                                                                                
                                                                                                
                                                                                                
                                                                                                
                                                                                                
                                                                                                
                                                                                
                                                                                743378                                                             898741


























                                                                                                
                                                                                                
                                                                                                
                                                                                                
                                                                                                
                                                                                                
                                                                                                
                                                                                                
                                                                                                
                                                                                                
                                                                                                
                                                                                                
                                                                                                
                                                                                                
                                                                                                
                                                                                                
                                                                                                
                                                                                                
                                                                                                
                                                                                                
                                                                                                
                                                                                                
                                                                                                
                                                                                                
                                                                                                
                                                                                                
                                                                                                
                                                                                                
                                                                                                
                                                                                                
                                                                                                
                                                                                
                                                                                948231                                                             961533


























                                                                                                
                                                                                                
                                                                                                
                                                                                                
                                                                                                
                                                                                                
                                                                                                
                                                                                                
                                                                                                
                                                                                                
                                                                                                
                                                                                                
                                                                                                
                                                                                                
                                                                                                
                                                                                                
                                                                                                
                                                                                                
                                                                                                
                                                                                                
                                                                                                
                                                                                                
                                                                                                
                                                                                                
                                                                                                
                                                                                                
                                                                                                
                                                                                                
                                                                                                
                                                                                                
                                                                                                
                                                                                
                                                                                393859                                                             184168


























                                                                                                
                                                                                                
                                                                                                
                                                                                                
                                                                                                
                                                                                                
                                                                                                
                                                                                                
                                                                                                
                                                                                                
                                                                                                
                                                                                                
                                                                                                
                                                                                                
                                                                                                
                                                                                                
                                                                                                
                                                                                                
                                                                                                
                                                                                                
                                                                                                
                                                                                                
                                                                                                
                                                                                                
                                                                                                
                                                                                                
                                                                                                
                                                                                                
                                                                                                
                                                                                                
                                                                                                
                                                                                
                                                                                632182                                                             496003


























                                                                                                
                                                                                                
                                                                                                
                                                                                                
                                                                                                
                                                                                                
                                                                                                
                                                                                                
                                                                                                
                                                                                                
                                                                                                
                                                                                                
                                                                                                
                                                                                                
                                                                                                
                                                                                                
                                                                                                
                                                                                                
                                                                                                
                                                                                                
                                                                                                
                                                                                                
                                                                                                
                                                                                                
                                                                                                
                                                                                                
                                                                                                
                                                                                                
                                                                                                
                                                                                                
                                                                                                
                                                                                
                                                                                639122                                                             924295


























                                                                                                
                                                                                                
                                                                                                
                                                                                                
                                                                                                
                                                                                                
                                                                                                
                                                                                                
                                                                                                
                                                                                                
                                                                                                
                                                                                                
                                                                                                
                                                                                                
                                                                                                
                                                                                                
                                                                                                
                                                                                                
                                                                                                
                                                                                                
                                                                                                
                                                                                                
                                                                                                
                                                                                                
                                                                                                
                                                                                                
                                                                                                
                                                                                                
                                                                                                
                                                                                                
                                                                                                
                                                                                
                                                                                578157                                                             893044


























                                                                                                
                                                                                                
                                                                                                
                                                                                                
                                                                                                
                                                                                                
                                                                                                
                                                                                                
                                                                                                
                                                                                                
                                                                                                
                                                                                                
                                                                                                
                                                                                                
                                                                                                
                                                                                                
                                                                                                
                                                                                                
                                                                                                
                                                                                                
                                                                                                
                                                                                                
                                                                                                
                                                                                                
                                                                                                
                                                                                                
                                                                                                
                                                                                                
                                                                                                
                                                                                                
                                                                                                
                                                                                
                                                                                214338                                                             497941
